"filename", "language", "C#", "comment", "blank", "total"
"c:\programmering\visualstudiocodeFiles\CASproject\CASproject\src\Application\Startup\CreateFormalFunctions.cs", "C#", -7, 0, 0, -7
"c:\programmering\visualstudiocodeFiles\CASproject\CASproject\src\Commands\Command.cs", "C#", -44, -10, -10, -64
"c:\programmering\visualstudiocodeFiles\CASproject\CASproject\src\Commands\DefineFunction.cs", "C#", -20, 0, -3, -23
"c:\programmering\visualstudiocodeFiles\CASproject\CASproject\src\Commands\DefineVariable.cs", "C#", -20, 0, -3, -23
"c:\programmering\visualstudiocodeFiles\CASproject\CASproject\src\Commands\InformalCommand.cs", "C#", -10, -3, -2, -15
"c:\programmering\visualstudiocodeFiles\CASproject\CASproject\src\Commands\ListObjects.cs", "C#", -75, -3, -11, -89
"c:\programmering\visualstudiocodeFiles\CASproject\CASproject\src\Commands\Math\Sum.cs", "C#", -39, -2, -6, -47
"c:\programmering\visualstudiocodeFiles\CASproject\CASproject\src\Commands\No input\Help.cs", "C#", 15, 0, 3, 18
"c:\programmering\visualstudiocodeFiles\CASproject\CASproject\src\Commands\Other\SetSetting.cs", "C#", 15, 0, 3, 18
"c:\programmering\visualstudiocodeFiles\CASproject\CASproject\src\Commands\RemoveObject.cs", "C#", -14, 0, -3, -17
"c:\programmering\visualstudiocodeFiles\CASproject\CASproject\src\Commands\SetSetting.cs", "C#", -15, 0, -3, -18
"c:\programmering\visualstudiocodeFiles\CASproject\CASproject\src\Commands\Simple\Explain.cs", "C#", -51, -3, -10, -64
"c:\programmering\visualstudiocodeFiles\CASproject\CASproject\src\Commands\Simple\GetTime.cs", "C#", -27, 0, -3, -30
"c:\programmering\visualstudiocodeFiles\CASproject\CASproject\src\Commands\Simple\Help.cs", "C#", -15, 0, -3, -18
"c:\programmering\visualstudiocodeFiles\CASproject\CASproject\src\Commands\Simple\Hide.cs", "C#", -15, 0, -3, -18
"c:\programmering\visualstudiocodeFiles\CASproject\CASproject\src\Commands\Simple\Show.cs", "C#", -15, 0, -3, -18
"c:\programmering\visualstudiocodeFiles\CASproject\CASproject\src\Commands\Single input\Explain.cs", "C#", 56, 3, 10, 69
"c:\programmering\visualstudiocodeFiles\CASproject\CASproject\src\Commands\Single input\GetTime.cs", "C#", 27, 0, 3, 30
"c:\programmering\visualstudiocodeFiles\CASproject\CASproject\src\Commands\Single input\Hide.cs", "C#", 15, 0, 3, 18
"c:\programmering\visualstudiocodeFiles\CASproject\CASproject\src\Commands\Single input\ListObjects.cs", "C#", 75, 3, 11, 89
"c:\programmering\visualstudiocodeFiles\CASproject\CASproject\src\Commands\Single input\RemoveObject.cs", "C#", 14, 0, 3, 17
"c:\programmering\visualstudiocodeFiles\CASproject\CASproject\src\Commands\Single input\Show.cs", "C#", 15, 0, 3, 18
"c:\programmering\visualstudiocodeFiles\CASproject\CASproject\src\Commands\Single input\Write.cs", "C#", 36, 6, 10, 52
"c:\programmering\visualstudiocodeFiles\CASproject\CASproject\src\Commands\Structure\Command.cs", "C#", 44, 10, 10, 64
"c:\programmering\visualstudiocodeFiles\CASproject\CASproject\src\Commands\Structure\DefineFunction.cs", "C#", 20, 0, 3, 23
"c:\programmering\visualstudiocodeFiles\CASproject\CASproject\src\Commands\Structure\DefineVariable.cs", "C#", 20, 0, 3, 23
"c:\programmering\visualstudiocodeFiles\CASproject\CASproject\src\Commands\Structure\InformalCommand.cs", "C#", 10, 3, 2, 15
"c:\programmering\visualstudiocodeFiles\CASproject\CASproject\src\Commands\Write.cs", "C#", -36, -6, -10, -52
"c:\programmering\visualstudiocodeFiles\CASproject\CASproject\src\Math\Add.cs", "C#", -83, -15, -17, -115
"c:\programmering\visualstudiocodeFiles\CASproject\CASproject\src\Math\Basic operators\Add.cs", "C#", 83, 15, 17, 115
"c:\programmering\visualstudiocodeFiles\CASproject\CASproject\src\Math\Basic operators\Divide.cs", "C#", 72, 16, 16, 104
"c:\programmering\visualstudiocodeFiles\CASproject\CASproject\src\Math\Basic operators\Multiply.cs", "C#", 97, 14, 19, 130
"c:\programmering\visualstudiocodeFiles\CASproject\CASproject\src\Math\Basic operators\Power.cs", "C#", 61, 12, 17, 90
"c:\programmering\visualstudiocodeFiles\CASproject\CASproject\src\Math\Constant.cs", "C#", -21, -4, -9, -34
"c:\programmering\visualstudiocodeFiles\CASproject\CASproject\src\Math\Divide.cs", "C#", -72, -16, -16, -104
"c:\programmering\visualstudiocodeFiles\CASproject\CASproject\src\Math\Formal operators\Iterative\Product.cs", "C#", 39, 2, 5, 46
"c:\programmering\visualstudiocodeFiles\CASproject\CASproject\src\Math\Formal operators\Iterative\Recurse.cs", "C#", 42, 3, 6, 51
"c:\programmering\visualstudiocodeFiles\CASproject\CASproject\src\Math\Formal operators\Iterative\Sum.cs", "C#", 39, 2, 6, 47
"c:\programmering\visualstudiocodeFiles\CASproject\CASproject\src\Math\Formal operators\Other\Ln.cs", "C#", 16, 3, 6, 25
"c:\programmering\visualstudiocodeFiles\CASproject\CASproject\src\Math\Formal operators\Trigonometric\Acos.cs", "C#", 22, 2, 5, 29
"c:\programmering\visualstudiocodeFiles\CASproject\CASproject\src\Math\Formal operators\Trigonometric\Asin.cs", "C#", 20, 2, 5, 27
"c:\programmering\visualstudiocodeFiles\CASproject\CASproject\src\Math\Formal operators\Trigonometric\Atan.cs", "C#", 16, 2, 5, 23
"c:\programmering\visualstudiocodeFiles\CASproject\CASproject\src\Math\Formal operators\Trigonometric\Cos.cs", "C#", 15, 2, 5, 22
"c:\programmering\visualstudiocodeFiles\CASproject\CASproject\src\Math\Formal operators\Trigonometric\Sin.cs", "C#", 15, 2, 5, 22
"c:\programmering\visualstudiocodeFiles\CASproject\CASproject\src\Math\Formal operators\Trigonometric\Tan.cs", "C#", 16, 2, 5, 23
"c:\programmering\visualstudiocodeFiles\CASproject\CASproject\src\Math\Formal\Acos.cs", "C#", -22, -2, -5, -29
"c:\programmering\visualstudiocodeFiles\CASproject\CASproject\src\Math\Formal\Asin.cs", "C#", -20, -2, -5, -27
"c:\programmering\visualstudiocodeFiles\CASproject\CASproject\src\Math\Formal\Atan.cs", "C#", -16, -2, -5, -23
"c:\programmering\visualstudiocodeFiles\CASproject\CASproject\src\Math\Formal\Cos.cs", "C#", -15, -2, -5, -22
"c:\programmering\visualstudiocodeFiles\CASproject\CASproject\src\Math\Formal\FormalFunction.cs", "C#", -32, 0, -4, -36
"c:\programmering\visualstudiocodeFiles\CASproject\CASproject\src\Math\Formal\Ln.cs", "C#", -16, -3, -6, -25
"c:\programmering\visualstudiocodeFiles\CASproject\CASproject\src\Math\Formal\Product.cs", "C#", -39, -2, -5, -46
"c:\programmering\visualstudiocodeFiles\CASproject\CASproject\src\Math\Formal\Recurse.cs", "C#", -42, -3, -6, -51
"c:\programmering\visualstudiocodeFiles\CASproject\CASproject\src\Math\Formal\Sin.cs", "C#", -15, -2, -5, -22
"c:\programmering\visualstudiocodeFiles\CASproject\CASproject\src\Math\Formal\Tan.cs", "C#", -16, -2, -5, -23
"c:\programmering\visualstudiocodeFiles\CASproject\CASproject\src\Math\Function.cs", "C#", -33, -3, -5, -41
"c:\programmering\visualstudiocodeFiles\CASproject\CASproject\src\Math\FunctionDefinition.cs", "C#", -16, 0, -3, -19
"c:\programmering\visualstudiocodeFiles\CASproject\CASproject\src\Math\MathObject.cs", "C#", -63, -26, -16, -105
"c:\programmering\visualstudiocodeFiles\CASproject\CASproject\src\Math\Multiply.cs", "C#", -97, -14, -19, -130
"c:\programmering\visualstudiocodeFiles\CASproject\CASproject\src\Math\Operator.cs", "C#", -57, -17, -9, -83
"c:\programmering\visualstudiocodeFiles\CASproject\CASproject\src\Math\Other\Constant.cs", "C#", 21, 4, 9, 34
"c:\programmering\visualstudiocodeFiles\CASproject\CASproject\src\Math\Other\Function.cs", "C#", 33, 3, 5, 41
"c:\programmering\visualstudiocodeFiles\CASproject\CASproject\src\Math\Other\FunctionDefinition.cs", "C#", 16, 0, 3, 19
"c:\programmering\visualstudiocodeFiles\CASproject\CASproject\src\Math\Other\FunctionWrapper.cs", "C#", -19, 0, -3, -22
"c:\programmering\visualstudiocodeFiles\CASproject\CASproject\src\Math\Other\MathCommand.cs", "C#", -10, 0, -1, -11
"c:\programmering\visualstudiocodeFiles\CASproject\CASproject\src\Math\Other\MathWrapper.cs", "C#", -60, -3, -3, -66
"c:\programmering\visualstudiocodeFiles\CASproject\CASproject\src\Math\Other\Variable.cs", "C#", 24, 4, 8, 36
"c:\programmering\visualstudiocodeFiles\CASproject\CASproject\src\Math\Power.cs", "C#", -61, -12, -17, -90
"c:\programmering\visualstudiocodeFiles\CASproject\CASproject\src\Math\Structure\FormalFunction.cs", "C#", 32, 0, 4, 36
"c:\programmering\visualstudiocodeFiles\CASproject\CASproject\src\Math\Structure\FunctionWrapper.cs", "C#", 19, 0, 3, 22
"c:\programmering\visualstudiocodeFiles\CASproject\CASproject\src\Math\Structure\MathCommand.cs", "C#", 10, 0, 1, 11
"c:\programmering\visualstudiocodeFiles\CASproject\CASproject\src\Math\Structure\MathObject.cs", "C#", 63, 26, 16, 105
"c:\programmering\visualstudiocodeFiles\CASproject\CASproject\src\Math\Structure\MathWrapper.cs", "C#", 60, 3, 3, 66
"c:\programmering\visualstudiocodeFiles\CASproject\CASproject\src\Math\Structure\Operator.cs", "C#", 57, 17, 9, 83
"c:\programmering\visualstudiocodeFiles\CASproject\CASproject\src\Math\Variable.cs", "C#", -24, -4, -8, -36
"Total", "-", -2, 0, 0, -2